    3    9
        1.9508611234       -0.0000000000       -0.5632847879
       -0.0475429313       -0.0000000000       -0.0428473981
       -2.1070290877        0.0000000000        0.6946893333
       -0.0000000000        0.2220340605        0.0000000000
       -0.0000000000       -0.0576893676        0.0000000000
        0.0000000000       -0.1643446847       -0.0000000000
       -0.5632847879        0.0000000000        0.0402840534
       -0.0141041024        0.0000000000       -1.5627914687
        0.1087861900       -0.0000000000        1.7262182740
       -0.0475429313       -0.0000000000       -0.0141041024
       -0.0005297781        0.0000000000        0.0405965241
       -0.0134452230        0.0000000000        0.0037198371
       -0.0000000000       -0.0576893676        0.0000000000
        0.0000000000        0.0217109653       -0.0000000000
        0.0000000000        0.0031918496        0.0000000000
       -0.0428473981        0.0000000000       -1.5627914687
        0.0405965241       -0.0000000000        1.4189177911
        0.0775482685       -0.0000000000       -0.0181594111
       -2.1070290877        0.0000000000        0.1087861900
       -0.0134452230        0.0000000000        0.0775482685
        1.9332476464       -0.0000000000       -0.6170180395
        0.0000000000       -0.1643446847       -0.0000000000
        0.0000000000        0.0031918496       -0.0000000000
       -0.0000000000        0.1611528352        0.0000000000
        0.6946893333       -0.0000000000        1.7262182740
        0.0037198371        0.0000000000       -0.0181594111
       -0.6170180395        0.0000000000       -1.5208321987
