    3    9
        2.0590871961       -0.3143288352        0.0000000000
       -0.2675595618       -0.5202155091        0.0000000000
       -1.7915276727        0.8345443498        0.0000000000
       -0.3143288352       -0.0679420192        0.0000000000
       -0.5489588047       -1.3427748381        0.0000000000
        1.4204474931        1.4107168590        0.0000000000
        0.0000000000        0.0000000000        0.2220340605
        0.0000000000        0.0000000000       -0.0576893676
        0.0000000000        0.0000000000       -0.1643446847
       -0.2675595618       -0.5489588047        0.0000000000
        0.1953965918        0.4912923213        0.0000000000
       -0.0439080618        0.0074736103        0.0000000000
       -0.5202155091       -1.3427748381        0.0000000000
        0.4912923213        1.2229914212        0.0000000000
       -0.0663548212        0.0123034277        0.0000000000
        0.0000000000        0.0000000000       -0.0576893676
        0.0000000000        0.0000000000        0.0217109653
        0.0000000000        0.0000000000        0.0031918496
       -1.7915276727        1.4204474931        0.0000000000
       -0.0439080618       -0.0663548212        0.0000000000
        1.8354357344       -0.8420179599        0.0000000000
        0.8345443498        1.4107168590        0.0000000000
        0.0074736103        0.0123034277        0.0000000000
       -0.8420179599       -1.4230202868        0.0000000000
        0.0000000000        0.0000000000       -0.1643446847
        0.0000000000        0.0000000000        0.0031918496
        0.0000000000        0.0000000000        0.1611528352
