    0    0
        2.6719171908       -1.0039701424       -0.1299698712
       -0.4427748212       -2.5419473197        1.4467449635
        0.0000000000        0.0000000000        0.0000000000
       -0.4534607590       -0.3117058441       -0.4829230658
       -1.1415778319        0.9363838247        1.4532836761
        0.0000000000        0.0000000000        0.0000000000
       -0.2397438525       -0.5277445551        0.1682937275
        0.4993179220        0.0714501250        0.0284266331
        0.0000000000        0.0000000000        0.0000000000
       -0.5161875926       -1.2633645034        0.4897314838
        1.1628799540        0.0264561089        0.1004845495
        0.0000000000        0.0000000000        0.0000000000
       -0.5440375650        0.0535477741       -0.0156525246
       -0.0129554138        0.5596900896       -0.0405923602
        0.0000000000        0.0000000000        0.0000000000
        0.0591894949       -0.0726394529       -0.0185971346
       -0.0096362740       -0.0405923603        0.0822757268
        0.0000000000        0.0000000000        0.0000000000
        0.0000000000        0.0000000000        0.0000000000
        0.0000000000        0.0000000000        0.0000000000
        0.1178704703        0.0051899229       -0.1230603932
        0.0000000000        0.0000000000        0.0000000000
        0.0000000000        0.0000000000        0.0000000000
        0.0051899229       -0.0034246249       -0.0017652980
        0.0000000000        0.0000000000        0.0000000000
        0.0000000000        0.0000000000        0.0000000000
       -0.1230603932       -0.0017652980        0.1248256912
