    3    9
       -2.8010567730       -0.0000000000        0.3938271948
        2.4139799782        0.0000000000       -0.0977779682
       -0.2313310936       -0.0000000000        0.0203068108
       -0.0000000000        3.7791336838        0.0000000000
        0.0000000000       -7.6052170000       -0.0000000000
       -0.0000000000        3.8260832181       -0.0000000000
        0.3938271948        0.0000000000       10.9719386744
       -0.9820956850       -0.0000000000      -10.2980551529
       -0.6205859004       -0.0000000000       -0.0554755755
        2.4139799782        0.0000000000       -0.9820956850
       -2.9266740511       -0.0000000000       -0.2181898320
       -0.1199447062       -0.0000000000        0.0747298570
        0.0000000000       -7.6052170000       -0.0000000000
       -0.0000000000        6.4251632413        0.0000000000
        0.0000000000        0.6005078519       -0.0000000000
       -0.0977779682       -0.0000000000      -10.2980551529
       -0.2181898320        0.0000000000       10.7135262849
        0.4156189316       -0.0000000000       -0.2251289644
       -0.2313310936       -0.0000000000       -0.6205859004
       -0.1199447062        0.0000000000        0.4156189316
        0.2296370957        0.0000000000       -0.0328105361
       -0.0000000000        3.8260832181       -0.0000000000
       -0.0000000000        0.6005078519       -0.0000000000
        0.0000000000       -4.4265910702        0.0000000000
        0.0203068108       -0.0000000000       -0.0554755755
        0.0747298570       -0.0000000000       -0.2251289644
       -0.0328105361        0.0000000000        0.4022432439
