    3    9
       -0.2636509669        5.3539098097        0.0000000000
        0.2151188313       -5.2803963041        0.0000000000
        0.0485321111       -0.0735135270        0.0000000000
        5.3539098097        8.4345328684        0.0000000000
       -4.3960785873       -8.0991940060        0.0000000000
        0.5673791842       -0.3353387803        0.0000000000
        0.0000000000        0.0000000000        3.7791336838
        0.0000000000        0.0000000000       -7.6052170000
        0.0000000000        0.0000000000        3.8260832181
        0.2151188313       -4.3960785873        0.0000000000
        0.0794813727        5.6581974684        0.0000000000
       -0.3405773674       -0.0156704681        0.0000000000
       -5.2803963041       -8.0991940060        0.0000000000
        5.6581974684        7.7073708612        0.0000000000
       -0.3565595427       -0.0044963033        0.0000000000
        0.0000000000        0.0000000000       -7.6052170000
        0.0000000000        0.0000000000        6.4251632413
        0.0000000000        0.0000000000        0.6005078519
        0.0485321111        0.5673791842        0.0000000000
       -0.3405773674       -0.3565595427        0.0000000000
        0.2920452562        0.0891839951        0.0000000000
       -0.0735135270       -0.3353387803        0.0000000000
       -0.0156704681       -0.0044963033        0.0000000000
        0.0891839951        0.3398350834        0.0000000000
        0.0000000000        0.0000000000        3.8260832181
        0.0000000000        0.0000000000        0.6005078519
        0.0000000000        0.0000000000       -4.4265910702
