INTGRL        1    0    1    0    0    0    0    0    0
         *** CFOUR Program System (Release V0.1) *** 
Hypochlorous acid higher-order corrections
    3    1 Z          0.10E-08              0    0
   9999.00      3.00
          8.00000000    1    4    1    1    1    1
O #1   2.112157550825937  -0.013487107557305   0.000000000000000
   11    5
   15330.0000000000       5.080000000000000E-004 -1.150000000000000E-004
  0.000000000000000E+000  0.000000000000000E+000  0.000000000000000E+000
   2299.00000000000       3.929000000000000E-003 -8.950000000000000E-004
  0.000000000000000E+000  0.000000000000000E+000  0.000000000000000E+000
   522.400000000000       2.024300000000000E-002 -4.636000000000000E-003
  0.000000000000000E+000  0.000000000000000E+000  0.000000000000000E+000
   147.300000000000       7.918100000000000E-002 -1.872400000000000E-002
  0.000000000000000E+000  0.000000000000000E+000  0.000000000000000E+000
   47.5500000000000       0.230687000000000      -5.846300000000000E-002
  0.000000000000000E+000  0.000000000000000E+000  0.000000000000000E+000
   16.7600000000000       0.433118000000000      -0.136463000000000     
  0.000000000000000E+000  0.000000000000000E+000  0.000000000000000E+000
   6.20700000000000       0.350260000000000      -0.175740000000000     
  0.000000000000000E+000  0.000000000000000E+000  0.000000000000000E+000
   1.75200000000000       4.272800000000000E-002  0.160934000000000     
   1.00000000000000       0.000000000000000E+000  0.000000000000000E+000
  0.688200000000000      -8.154000000000000E-003  0.603418000000000     
  0.000000000000000E+000  0.000000000000000E+000  0.000000000000000E+000
  0.238400000000000       2.381000000000000E-003  0.378765000000000     
  0.000000000000000E+000   1.00000000000000       0.000000000000000E+000
  7.376000000000001E-002  0.000000000000000E+000  0.000000000000000E+000
  0.000000000000000E+000  0.000000000000000E+000   1.00000000000000     
    6    4
   34.4600000000000       1.592800000000000E-002  0.000000000000000E+000
  0.000000000000000E+000  0.000000000000000E+000
   7.74900000000000       9.974000000000000E-002  0.000000000000000E+000
  0.000000000000000E+000  0.000000000000000E+000
   2.28000000000000       0.310492000000000       0.000000000000000E+000
  0.000000000000000E+000  0.000000000000000E+000
  0.715600000000000       0.491026000000000        1.00000000000000     
  0.000000000000000E+000  0.000000000000000E+000
  0.214000000000000       0.336337000000000       0.000000000000000E+000
   1.00000000000000       0.000000000000000E+000
  5.974000000000000E-002  0.000000000000000E+000  0.000000000000000E+000
  0.000000000000000E+000   1.00000000000000     
    3    3
   2.31400000000000        1.00000000000000       0.000000000000000E+000
  0.000000000000000E+000
  0.645000000000000       0.000000000000000E+000   1.00000000000000     
  0.000000000000000E+000
  0.214000000000000       0.000000000000000E+000  0.000000000000000E+000
   1.00000000000000     
    2    2
   1.42800000000000        1.00000000000000       0.000000000000000E+000
  0.500000000000000       0.000000000000000E+000   1.00000000000000     
          1.00000000    1    3    1    1    1
H #2   3.928552052743185   0.136412719538112   0.000000000000000
    6    4
   33.8700000000000       6.068000000000000E-003  0.000000000000000E+000
  0.000000000000000E+000  0.000000000000000E+000
   5.09500000000000       4.530800000000000E-002  0.000000000000000E+000
  0.000000000000000E+000  0.000000000000000E+000
   1.15900000000000       0.202822000000000       0.000000000000000E+000
  0.000000000000000E+000  0.000000000000000E+000
  0.325800000000000       0.503903000000000        1.00000000000000     
  0.000000000000000E+000  0.000000000000000E+000
  0.102700000000000       0.383421000000000       0.000000000000000E+000
   1.00000000000000       0.000000000000000E+000
  2.526000000000000E-002  0.000000000000000E+000  0.000000000000000E+000
  0.000000000000000E+000   1.00000000000000     
    3    3
   1.40700000000000        1.00000000000000       0.000000000000000E+000
  0.000000000000000E+000
  0.388000000000000       0.000000000000000E+000   1.00000000000000     
  0.000000000000000E+000
  0.102000000000000       0.000000000000000E+000  0.000000000000000E+000
   1.00000000000000     
    2    2
   1.05700000000000        1.00000000000000       0.000000000000000E+000
  0.247000000000000       0.000000000000000E+000   1.00000000000000     
         17.00000000    1    4    1    1    1    1
CL#3  -1.079334032539190   0.002237562117524   0.000000000000000
   16    6
   456100.000000000       4.930000000000000E-005 -1.380000000000000E-005
  4.200000000000000E-006  0.000000000000000E+000  0.000000000000000E+000
  0.000000000000000E+000
   68330.0000000000       3.830000000000000E-004 -1.073000000000000E-004
  3.240000000000000E-005  0.000000000000000E+000  0.000000000000000E+000
  0.000000000000000E+000
   15550.0000000000       2.008500000000000E-003 -5.651000000000000E-004
  1.711000000000000E-004  0.000000000000000E+000  0.000000000000000E+000
  0.000000000000000E+000
   4405.00000000000       8.385600000000000E-003 -2.361300000000000E-003
  7.142000000000000E-004  0.000000000000000E+000  0.000000000000000E+000
  0.000000000000000E+000
   1439.00000000000       2.947030000000000E-002 -8.458900000000000E-003
  2.567000000000000E-003  0.000000000000000E+000  0.000000000000000E+000
  0.000000000000000E+000
   520.400000000000       8.783249999999999E-002 -2.596380000000000E-002
  7.885500000000000E-003  0.000000000000000E+000  0.000000000000000E+000
  0.000000000000000E+000
   203.100000000000       0.211473000000000      -6.863619999999999E-002
  2.108670000000000E-002  0.000000000000000E+000  0.000000000000000E+000
  0.000000000000000E+000
   83.9600000000000       0.365364000000000      -0.141874000000000     
  4.422640000000000E-002  0.000000000000000E+000  0.000000000000000E+000
  0.000000000000000E+000
   36.2000000000000       0.340884000000000      -0.199319000000000     
  6.516700000000000E-002  0.000000000000000E+000  0.000000000000000E+000
  0.000000000000000E+000
   15.8300000000000       0.102133000000000      -1.956620000000000E-002
  6.030100000000000E-003  0.000000000000000E+000  0.000000000000000E+000
  0.000000000000000E+000
   6.33400000000000       3.116800000000000E-003  0.499741000000000     
 -0.206495000000000       0.000000000000000E+000  0.000000000000000E+000
  0.000000000000000E+000
   2.69400000000000       1.057500000000000E-003  0.563736000000000     
 -0.405871000000000       0.000000000000000E+000  0.000000000000000E+000
  0.000000000000000E+000
  0.976800000000000      -3.780000000000000E-004  7.903250000000001E-002
  7.595580000000000E-002   1.00000000000000       0.000000000000000E+000
  0.000000000000000E+000
  0.431300000000000       1.561000000000000E-004 -8.350900000000000E-003
  0.725661000000000       0.000000000000000E+000  0.000000000000000E+000
  0.000000000000000E+000
  0.162500000000000      -5.140000000000000E-005  2.324600000000000E-003
  0.394423000000000       0.000000000000000E+000   1.00000000000000     
  0.000000000000000E+000
  5.910000000000000E-002  0.000000000000000E+000  0.000000000000000E+000
  0.000000000000000E+000  0.000000000000000E+000  0.000000000000000E+000
   1.00000000000000     
   10    5
   663.300000000000       2.404500000000000E-003 -6.521000000000000E-004
  0.000000000000000E+000  0.000000000000000E+000  0.000000000000000E+000
   156.800000000000       1.921480000000000E-002 -5.194400000000000E-003
  0.000000000000000E+000  0.000000000000000E+000  0.000000000000000E+000
   49.9800000000000       8.850970000000000E-002 -2.469380000000000E-002
  0.000000000000000E+000  0.000000000000000E+000  0.000000000000000E+000
   18.4200000000000       0.256020000000000      -7.281670000000000E-002
  0.000000000000000E+000  0.000000000000000E+000  0.000000000000000E+000
   7.24000000000000       0.436927000000000      -0.134030000000000     
  0.000000000000000E+000  0.000000000000000E+000  0.000000000000000E+000
   2.92200000000000       0.350334000000000      -9.477420000000000E-002
  0.000000000000000E+000  0.000000000000000E+000  0.000000000000000E+000
   1.02200000000000       5.854950000000000E-002  0.262289000000000     
   1.00000000000000       0.000000000000000E+000  0.000000000000000E+000
  0.381800000000000      -4.584200000000000E-003  0.564667000000000     
  0.000000000000000E+000  0.000000000000000E+000  0.000000000000000E+000
  0.130100000000000       2.269700000000000E-003  0.341250000000000     
  0.000000000000000E+000   1.00000000000000       0.000000000000000E+000
  4.190000000000000E-002  0.000000000000000E+000  0.000000000000000E+000
  0.000000000000000E+000  0.000000000000000E+000   1.00000000000000     
    4    4
   4.61000000000000        1.00000000000000       0.000000000000000E+000
  0.000000000000000E+000  0.000000000000000E+000
   1.01100000000000       0.000000000000000E+000   1.00000000000000     
  0.000000000000000E+000  0.000000000000000E+000
  0.339000000000000       0.000000000000000E+000  0.000000000000000E+000
   1.00000000000000       0.000000000000000E+000
  0.130000000000000       0.000000000000000E+000  0.000000000000000E+000
  0.000000000000000E+000   1.00000000000000     
    2    2
  0.706000000000000        1.00000000000000       0.000000000000000E+000
  0.312000000000000       0.000000000000000E+000   1.00000000000000     
FINISH
