    3    9
        2.1885236107        0.0000000000        0.3404550814
       -0.0949595461       -0.0000000000       -0.7400071380
       -1.7090254549       -0.0000000000        0.2946528282
        0.0000000000       -2.6113573679        0.0000000000
        0.0000000000        2.7403374787       -0.0000000000
       -0.0000000000       -0.1289800447        0.0000000000
        0.3404550814        0.0000000000        9.6728497952
        1.0888601098       -0.0000000000      -10.0570444911
       -0.0196759670        0.0000000000       -0.0003444662
       -0.0949595461        0.0000000000        1.0888601098
        0.1875486550        0.0000000000        0.2719471235
       -0.0202148152        0.0000000000        0.1933269878
       -0.0000000000        2.7403374787       -0.0000000000
        0.0000000000       -3.0114114841        0.0000000000
        0.0000000000        0.1420662130       -0.0000000000
       -0.7400071380       -0.0000000000      -10.0570444911
        0.2719471235        0.0000000000        9.1964421167
        0.2808927870       -0.0000000000       -0.0331859884
       -1.7090254549       -0.0000000000       -0.0196759670
       -0.0202148152        0.0000000000        0.2808927870
        1.6716654919        0.0000000000       -0.4722738474
       -0.0000000000       -0.1289800447        0.0000000000
        0.0000000000        0.1420662130       -0.0000000000
        0.0000000000       -0.0130861683       -0.0000000000
        0.2946528282        0.0000000000       -0.0003444662
        0.1933269878       -0.0000000000       -0.0331859884
       -0.4722738474       -0.0000000000        0.0911052329
