    3    9
        2.5340179940        1.6069648263        0.0000000000
       -0.8735227601       -1.7651888856        0.0000000000
       -1.6604956744        0.1582240013        0.0000000000
        1.6069648263        9.3273554120        0.0000000000
       -3.5940561334       -9.2784812771        0.0000000000
        0.4725527965       -0.0488742467        0.0000000000
        0.0000000000        0.0000000000       -2.6113573679
        0.0000000000        0.0000000000        2.7403374787
        0.0000000000        0.0000000000       -0.1289800447
       -0.8735227601       -3.5940561334        0.0000000000
        0.6734251442        2.0530681435        0.0000000000
       -0.1415168954       -0.1637751268        0.0000000000
       -1.7651888856       -9.2784812771        0.0000000000
        2.0530681435        8.7105656275        0.0000000000
       -0.2513409260        0.0881160918        0.0000000000
        0.0000000000        0.0000000000        2.7403374787
        0.0000000000        0.0000000000       -3.0114114841
        0.0000000000        0.0000000000        0.1420662130
       -1.6604956744        0.4725527965        0.0000000000
       -0.1415168954       -0.2513409260        0.0000000000
        1.8020125698        0.0055511257        0.0000000000
        0.1582240013       -0.0488742467        0.0000000000
       -0.1637751268        0.0881160918        0.0000000000
        0.0055511257       -0.0392418450        0.0000000000
        0.0000000000        0.0000000000       -0.1289800447
        0.0000000000        0.0000000000        0.1420662130
        0.0000000000        0.0000000000       -0.0130861683
